     0/119     1.37G   0.08722   0.03819   0.04846    0.1739        57       416   0.00244    0.2404  0.001006 0.0001828   0.07392   0.03753   0.04713
     1/119     1.39G   0.08068   0.04063   0.04669     0.168        54       416   0.01313    0.1498  0.006885  0.001362   0.07544    0.0353    0.0468
     2/119     1.39G   0.07362   0.04121   0.04629    0.1611        52       416    0.1007    0.2748   0.05934   0.01787   0.06796   0.03337   0.04706
     3/119     1.39G   0.06471   0.03895   0.04605    0.1497        45       416   0.06955    0.3147   0.05586   0.01117   0.07254   0.03257   0.04672
     4/119     1.39G   0.05866   0.03732   0.04563    0.1416        51       416    0.1088    0.4297    0.1081   0.03732   0.05534   0.03245   0.04592
     5/119     1.39G   0.05415   0.03552   0.04465    0.1343        55       416    0.2278    0.4027    0.2259    0.1007   0.05095   0.03103   0.04445
     6/119     1.39G   0.04996   0.03497   0.04398    0.1289        48       416    0.2181    0.4731    0.2537    0.1361   0.04279    0.0284   0.04285
     7/119     1.39G   0.04671   0.03333   0.04212    0.1221        53       416    0.3679    0.4324    0.3261     0.151    0.0472   0.02882   0.03967
     8/119     1.39G   0.04535   0.03254      0.04    0.1179        51       416    0.4386     0.461    0.4203    0.2405   0.03781   0.02638   0.03572
     9/119     1.39G   0.04354   0.03177   0.03813    0.1134        69       416    0.3444    0.5935    0.4463    0.2534    0.0371   0.02586   0.03579
    10/119     1.39G   0.04249   0.03134    0.0368    0.1106        63       416     0.405    0.5404    0.4513    0.2569   0.03891   0.02672   0.03471
    11/119     1.39G   0.04131    0.0307   0.03527    0.1073        63       416    0.4602    0.5604    0.4975    0.2762   0.03646   0.02511   0.03223
    12/119     1.39G   0.04045   0.03054   0.03445    0.1054        65       416    0.5113    0.5832    0.5514    0.3378   0.03478   0.02388   0.03108
    13/119     1.39G   0.03985   0.02996   0.03348    0.1033        66       416    0.4233    0.6056    0.4627    0.3007   0.03474   0.02542   0.03611
    14/119     1.39G   0.03874   0.03008   0.03268    0.1015        53       416    0.4971     0.544    0.5244     0.325   0.03345   0.02518   0.03748
    15/119     1.39G    0.0389   0.02978   0.03201    0.1007        59       416    0.4204     0.642    0.5655     0.362   0.03267   0.02323   0.02922
    16/119     1.39G    0.0379   0.02934   0.03145   0.09868        58       416    0.5092    0.6278    0.5944    0.3655   0.03274   0.02314   0.02998
    17/119     1.39G   0.03739   0.02926   0.03062   0.09727        63       416    0.6097    0.5525    0.5847    0.3699    0.0354   0.02277   0.02677
    18/119     1.39G   0.03681   0.02834   0.03027   0.09542        57       416    0.6195    0.6009     0.618    0.4129   0.03221   0.02183   0.02595
    19/119     1.39G   0.03661   0.02796   0.02967   0.09424        60       416    0.5498     0.631    0.6348    0.4179   0.03075   0.02092   0.02682
    20/119     1.39G   0.03642   0.02872   0.02969   0.09483        49       416     0.523    0.6404    0.6039    0.3927   0.03143   0.02207   0.02786
    21/119     1.39G   0.03587   0.02792   0.02848   0.09227        51       416    0.6166    0.5582    0.5966    0.4064   0.03038   0.02065   0.03195
    22/119     1.39G   0.03541   0.02713    0.0287   0.09125        57       416    0.6141    0.6188     0.633    0.4156   0.03049   0.02077   0.02584
    23/119     1.39G   0.03563   0.02732    0.0277   0.09065        46       416    0.6349    0.6112     0.657     0.435   0.03048   0.02126    0.0239
    24/119     1.39G   0.03521   0.02748   0.02781   0.09049        52       416    0.5289    0.7103     0.668    0.4385   0.02936   0.02098   0.02479
    25/119     1.39G   0.03484   0.02707   0.02752   0.08943        50       416    0.6605    0.6145    0.6808    0.4448   0.03015   0.02093   0.02433
    26/119     1.39G   0.03453     0.027    0.0272   0.08872        56       416    0.5996    0.7254    0.7095    0.4663   0.02912   0.01985   0.02259
    27/119     1.39G   0.03367   0.02678   0.02671   0.08716        71       416    0.5686    0.7117    0.6965    0.4676   0.02912   0.02012   0.02462
    28/119     1.39G   0.03459   0.02689   0.02567   0.08715        47       416    0.6483    0.6485     0.688    0.4677   0.03035   0.02025   0.02158
    29/119     1.39G   0.03372   0.02621   0.02581   0.08574        60       416    0.5975    0.7536    0.7444    0.5025   0.02796   0.01976   0.02362
    30/119     1.39G   0.03407   0.02592   0.02559   0.08558        69       416    0.6091    0.7587    0.7068    0.4743   0.02847   0.01977   0.02196
    31/119     1.39G    0.0333   0.02653   0.02539   0.08521        61       416    0.5969    0.7221    0.7235    0.4946   0.02811   0.01972   0.02174
    32/119     1.39G   0.03311   0.02617   0.02386   0.08314        48       416    0.6281    0.7281    0.7277    0.5037   0.02836   0.01916   0.02108
    33/119     1.39G   0.03316   0.02672   0.02397   0.08385        70       416     0.624    0.6981     0.706    0.4822   0.02817   0.01961   0.02265
    34/119     1.39G   0.03288   0.02608    0.0239   0.08286        55       416    0.6098    0.7284    0.7114    0.4899   0.02696   0.01968   0.02173
    35/119     1.39G   0.03259   0.02595   0.02354   0.08208        52       416     0.661    0.7302    0.7498    0.5133   0.02727   0.01866   0.01996
    36/119     1.39G    0.0326   0.02586   0.02349   0.08196        58       416    0.6711    0.7213    0.7487    0.5155   0.02675   0.01925   0.02054
    37/119     1.39G   0.03202   0.02557   0.02306   0.08065        41       416    0.6638    0.7615    0.7531    0.5172   0.02688   0.01878   0.02074
    38/119     1.39G   0.03223   0.02574   0.02321   0.08117        54       416    0.6201     0.733    0.7063    0.4919   0.02792   0.01919   0.01994
    39/119     1.39G   0.03231   0.02512   0.02237    0.0798        50       416     0.651    0.6849    0.6852    0.4781   0.03073   0.02047   0.02114
    40/119     1.39G   0.03239   0.02503    0.0224   0.07982        60       416    0.7172    0.6737    0.7678    0.5242   0.02742   0.01919    0.0192
    41/119     1.39G   0.03188   0.02498   0.02167   0.07853        44       416    0.7478    0.6967    0.7592    0.5263   0.02634   0.01829   0.01921
    42/119     1.39G    0.0314   0.02456   0.02146   0.07742        58       416    0.7251    0.6581    0.7368     0.517   0.02727    0.0188   0.02018
    43/119     1.39G   0.03162   0.02503   0.02106   0.07771        46       416     0.805    0.6453    0.7653    0.5255   0.02654   0.01828   0.02019
    44/119     1.39G   0.03118   0.02448   0.02143   0.07708        52       416    0.6975    0.7503    0.7705      0.54    0.0259   0.01834   0.01916
    45/119     1.39G   0.03151   0.02459   0.02043   0.07653        55       416    0.7623    0.7085    0.7631    0.5381   0.02709     0.019   0.01821
    46/119     1.39G   0.03099   0.02455   0.02033   0.07587        50       416    0.7339    0.7576    0.7904    0.5526    0.0256   0.01799   0.01858
    47/119     1.39G   0.03117   0.02406   0.02053   0.07576        59       416    0.7511    0.7473    0.7949    0.5575   0.02546   0.01775   0.01881
    48/119     1.39G   0.03092   0.02462   0.01986    0.0754        78       416    0.7798    0.7425    0.8146    0.5784   0.02478   0.01776   0.01754
    49/119     1.39G   0.03081   0.02436   0.01974   0.07491        44       416    0.7491    0.7611    0.8121    0.5733   0.02496   0.01787   0.01863
    50/119     1.39G   0.03067   0.02397   0.01965   0.07428        49       416    0.7983    0.6733    0.7829     0.553   0.02506   0.01877   0.01867
    51/119     1.39G   0.03031   0.02468   0.01919   0.07417        59       416    0.7314    0.7776    0.8012    0.5704   0.02503   0.01798   0.01803
    52/119     1.39G   0.03076   0.02442   0.01893   0.07411        44       416    0.7501    0.7399    0.8139    0.5872   0.02411   0.01761   0.01787
    53/119     1.39G   0.03026   0.02375   0.01884   0.07285        57       416     0.753    0.7688    0.8029    0.5642   0.02485   0.01771   0.01835
    54/119     1.39G   0.03036   0.02388   0.01798   0.07221        58       416    0.7793    0.7554    0.8104    0.5756   0.02537   0.01765   0.01662
    55/119     1.39G   0.02976   0.02396   0.01819   0.07192        58       416    0.7298    0.7651    0.8134     0.587   0.02444   0.01731   0.01791
    56/119     1.39G   0.03008     0.024   0.01816   0.07224        62       416    0.7991    0.7565    0.8281    0.5998   0.02508   0.01757    0.0166
    57/119     1.39G    0.0297   0.02315   0.01805   0.07089        60       416    0.7907    0.7378    0.8026    0.5604   0.02528   0.01839   0.01736
    58/119     1.39G   0.03036   0.02404   0.01788   0.07229        73       416    0.7674    0.7694    0.8201    0.5821   0.02526   0.01812   0.01676
    59/119     1.39G   0.02966    0.0238   0.01787   0.07133        53       416    0.8249    0.7243    0.8161      0.58   0.02448   0.01777   0.01754
    60/119     1.39G   0.02996   0.02397   0.01781   0.07175        52       416    0.7822    0.8026    0.8397    0.6082   0.02522   0.01753   0.01668
    61/119     1.39G   0.02966   0.02341   0.01694   0.07002        75       416    0.8044    0.7591    0.8297    0.5939   0.02523   0.01761   0.01784
    62/119     1.39G   0.02946   0.02344   0.01678   0.06967        77       416    0.7701     0.748    0.8108    0.5905   0.02379   0.01722   0.01961
    63/119     1.39G   0.02934   0.02331   0.01711   0.06976        73       416    0.7388    0.8115    0.8339    0.5988   0.02429   0.01702   0.01892
    64/119     1.39G   0.02891   0.02292   0.01595   0.06778        51       416    0.7694    0.7508    0.8038    0.5787   0.02417   0.01686   0.02094
    65/119     1.39G   0.02869   0.02368    0.0157   0.06807        63       416    0.7865    0.7285    0.7826    0.5577     0.024   0.01717   0.02189
    66/119     1.39G   0.02893   0.02312   0.01655    0.0686        70       416     0.819     0.774    0.8304    0.6046   0.02441    0.0173   0.01706
    67/119     1.39G     0.029   0.02285   0.01547   0.06732        64       416    0.7904    0.7586    0.8178    0.5884   0.02395     0.018   0.01914
    68/119     1.39G   0.02898   0.02278   0.01615   0.06791        56       416    0.8065      0.71    0.8199    0.5921   0.02432   0.01728   0.01911
    69/119     1.39G   0.02874   0.02278    0.0153   0.06682        46       416    0.6925     0.838    0.8223    0.5987   0.02385   0.01714   0.01948
    70/119     1.39G   0.02873   0.02316   0.01598   0.06787        48       416    0.8207    0.8101    0.8705    0.6353   0.02367   0.01659    0.0144
    71/119     1.39G    0.0283   0.02251   0.01499    0.0658        55       416    0.7969    0.7541    0.8246    0.5864   0.02422   0.01738   0.02006
    72/119     1.39G   0.02838   0.02256   0.01485   0.06579        51       416    0.8461    0.7707    0.8487    0.6267   0.02385   0.01707   0.01545
    73/119     1.39G   0.02813   0.02279   0.01445   0.06536        49       416    0.8478    0.7461    0.8443    0.6136   0.02427    0.0175   0.01657
    74/119     1.39G   0.02824   0.02276   0.01467   0.06566        49       416    0.8202    0.7683    0.8265    0.5991   0.02415   0.01719   0.01819
    75/119     1.39G   0.02811   0.02206   0.01443    0.0646        52       416    0.8199     0.785    0.8432    0.6098    0.0238   0.01696   0.01639
    76/119     1.39G   0.02774   0.02235    0.0138   0.06389        61       416    0.8488    0.7579     0.849    0.6161    0.0241   0.01751   0.01656
    77/119     1.39G   0.02807   0.02259   0.01423   0.06489        58       416    0.7991    0.7962    0.8465    0.6157   0.02395   0.01709   0.01772
    78/119     1.39G    0.0275   0.02184   0.01412   0.06346        62       416    0.8078    0.8226    0.8587     0.626   0.02375   0.01712   0.01592
    79/119     1.39G   0.02805   0.02252   0.01442   0.06499        59       416    0.8757    0.7721    0.8699    0.6254   0.02356    0.0168   0.01545
    80/119     1.39G   0.02765   0.02224    0.0137   0.06359        65       416    0.7945    0.7764    0.8268    0.5958   0.02432   0.01748   0.02057
    81/119     1.39G   0.02726   0.02189   0.01363   0.06278        43       416    0.8367    0.7759    0.8584    0.6343   0.02366   0.01665   0.01699
    82/119     1.39G   0.02738    0.0217   0.01351    0.0626        65       416    0.8456    0.7566    0.8416     0.623   0.02339    0.0167    0.0185
    83/119     1.39G   0.02756   0.02217   0.01349   0.06322        55       416    0.8436    0.7939    0.8532    0.6225   0.02363   0.01674   0.01637
    84/119     1.39G   0.02747   0.02215   0.01293   0.06255        56       416    0.8519    0.7803    0.8551    0.6308    0.0234   0.01707   0.01616
    85/119     1.39G   0.02682   0.02208   0.01284   0.06174        69       416    0.8006    0.7946    0.8481    0.6239   0.02375   0.01705    0.0169
    86/119     1.39G   0.02693   0.02155   0.01272    0.0612        61       416     0.834    0.7699    0.8582    0.6341   0.02305    0.0169   0.01644
    87/119     1.39G   0.02692   0.02187   0.01229   0.06108        61       416    0.8859    0.7192    0.8505    0.6265   0.02354   0.01694   0.01631
    88/119     1.39G   0.02664   0.02147    0.0122   0.06031        59       416    0.8116    0.7809    0.8559    0.6244   0.02384   0.01692   0.01721
    89/119     1.39G   0.02696   0.02153   0.01257   0.06106        57       416    0.7981    0.7698    0.8276    0.6068   0.02354   0.01655   0.02051
    90/119     1.39G   0.02669    0.0218   0.01198   0.06046        64       416    0.8631    0.7476    0.8596    0.6283   0.02381   0.01663   0.01749
    91/119     1.39G   0.02667    0.0214   0.01234   0.06041        59       416    0.8652     0.764    0.8615    0.6293   0.02373    0.0168   0.01631
    92/119     1.39G   0.02656   0.02162   0.01199   0.06016        73       416    0.8509    0.7833    0.8605    0.6301   0.02331    0.0171   0.01594
    93/119     1.39G   0.02643   0.02131   0.01144   0.05919        70       416    0.8905     0.755    0.8688    0.6314   0.02367   0.01723   0.01639
    94/119     1.39G   0.02645   0.02156   0.01136   0.05936        52       416    0.8329    0.8045    0.8675      0.64   0.02338   0.01669   0.01623
    95/119     1.39G   0.02622   0.02114   0.01182   0.05918        64       416    0.8402    0.7958    0.8636    0.6396   0.02317   0.01672   0.01573
    96/119     1.39G   0.02598   0.02122   0.01127   0.05847        73       416    0.8542    0.7917    0.8716    0.6454   0.02312   0.01665     0.016
    97/119     1.39G    0.0263   0.02104   0.01152   0.05885        64       416    0.8377    0.7632    0.8495    0.6364   0.02306   0.01671   0.01821
    98/119     1.39G   0.02603   0.02058   0.01129    0.0579        52       416    0.8588     0.784    0.8653    0.6427   0.02355   0.01673    0.0164
    99/119     1.39G    0.0258   0.02105   0.01137   0.05822        55       416    0.8728    0.7726    0.8645    0.6473   0.02326   0.01648   0.01593
   100/119     1.39G   0.02599   0.02101   0.01108   0.05808        52       416    0.9169    0.7496    0.8799    0.6582   0.02344   0.01636   0.01612
   101/119     1.39G   0.02567   0.02108   0.01131   0.05806        66       416    0.9116    0.7468    0.8759    0.6521   0.02315   0.01673   0.01579
   102/119     1.39G   0.02565   0.02075   0.01128   0.05768        48       416    0.8436     0.818    0.8733     0.655   0.02312   0.01671   0.01511
   103/119     1.39G   0.02565   0.02066   0.01079    0.0571        67       416    0.8677    0.7841     0.863    0.6427   0.02296   0.01642   0.01639
   104/119     1.39G   0.02594   0.02126   0.01035   0.05755        53       416    0.8741    0.7727    0.8622     0.641   0.02306   0.01674    0.0162
   105/119     1.39G   0.02579   0.02088   0.01057   0.05724        60       416    0.8548     0.779     0.852    0.6434   0.02299   0.01646   0.01811
   106/119     1.39G   0.02551    0.0207   0.01067   0.05688        62       416     0.865    0.7876    0.8659    0.6486   0.02322    0.0165   0.01623
   107/119     1.39G   0.02557   0.02056   0.01035   0.05647        54       416     0.909    0.7681    0.8735    0.6533   0.02317   0.01669   0.01538
   108/119     1.39G   0.02516   0.02067   0.01014   0.05597        51       416    0.8859     0.774     0.863    0.6424   0.02338   0.01704   0.01699
   109/119     1.39G   0.02514   0.02061   0.01063   0.05638        61       416    0.8807    0.7649    0.8658    0.6419   0.02329   0.01676   0.01649
   110/119     1.39G   0.02517   0.02041   0.01022    0.0558        59       416     0.882    0.7909     0.877    0.6527   0.02323   0.01678   0.01468
   111/119     1.39G   0.02516   0.02061  0.009699   0.05548        64       416    0.8079    0.8346    0.8752    0.6589   0.02292   0.01642    0.0153
   112/119     1.39G   0.02508   0.02078   0.01018   0.05604        64       416    0.8853    0.7662    0.8743    0.6531   0.02307   0.01663   0.01568
   113/119     1.39G   0.02478      0.02  0.009772   0.05455        60       416    0.8575    0.7915    0.8735    0.6529     0.023   0.01644   0.01603
   114/119     1.39G   0.02552   0.02073   0.01026   0.05651        56       416    0.9018    0.7371    0.8612     0.644   0.02297   0.01667    0.0169
   115/119     1.39G   0.02519   0.02031   0.01007   0.05557        65       416    0.8748     0.761    0.8658    0.6451    0.0232   0.01665   0.01642
   116/119     1.39G   0.02471   0.01992  0.009818   0.05445        59       416    0.9051    0.7599    0.8759    0.6646   0.02267   0.01662   0.01522
   117/119     1.39G   0.02494   0.02034  0.009503   0.05477        61       416    0.8876    0.7526    0.8769     0.661   0.02287   0.01634    0.0166
   118/119     1.39G   0.02464   0.02046  0.009529   0.05462        46       416    0.8673    0.7761    0.8703    0.6539   0.02276   0.01617   0.01713
   119/119     1.39G   0.02508   0.02033  0.009705   0.05512        56       416    0.8391    0.8099    0.8763    0.6577   0.02273   0.01651   0.01531
